,AADFYear,CP,PedalCycles,Motorcycles,CarsTaxis,BusesCoaches,LightGoodsVehicles,AllHGVs,AllMotorVehicles,All,PedalCycles%,Motorcycles%,CarsTaxis%,BusesCoaches%,LightGoodsVehicles%,AllHGVs%,AllMotorVehicles%,All%
3222,2014,6407,744,576,24513,279,5805,911,32084,32828,0.23337515683814303,0.1234991423670669,0.06123274839193155,0.08213129231675008,0.07239960089797955,0.036377430818991335,0.06246775270682562,0.06352204056912095
3250,2014,16023,0,148,56860,225,13695,6640,77568,77568,0.0,0.03173241852487135,0.14203459689002684,0.06623491315866942,0.17080319281616363,0.2651439524018688,0.151025390910206,0.15009375054421756
3252,2014,16382,32,298,12700,124,2572,744,16439,16471,0.010037641154328732,0.06389365351629503,0.0317242240679448,0.03650279658522226,0.03207782489398853,0.029708900690811803,0.032006837886407756,0.03187131504246348
3257,2014,16971,95,181,9791,176,1910,456,12513,12608,0.029799247176913426,0.038807890222984566,0.024457628177106103,0.0518104209596703,0.023821401845846843,0.018208681068562074,0.024362890837193275,0.024396426449843942
3258,2014,16972,139,292,18409,125,3467,639,22932,23071,0.04360100376411543,0.06260720411663807,0.04598513707612565,0.036797173977038564,0.04324020952856074,0.02551611228686659,0.04464875031395478,0.04464228701018001
3271,2014,18081,11,134,18578,86,4259,769,23826,23837,0.003450439146800502,0.028730703259005147,0.046407294073565225,0.02531645569620253,0.05311798453479671,0.030707183644132094,0.04638937401797866,0.046124493756736204
3277,2014,26410,38,293,26278,136,4414,1185,32306,32344,0.01191969887076537,0.06282161234991424,0.06564166614625616,0.040035325287017955,0.055051134946370664,0.0473186119873817,0.06289998812326109,0.06258550262482174
3318,2014,37674,68,294,31372,352,5690,1786,39493,39561,0.02132998745294856,0.0630360205831904,0.0783663273590208,0.1036208419193406,0.07096532801197306,0.07131733418520145,0.076893122978764,0.07655036697194449
3322,2014,37882,2,237,29727,141,6542,2540,39187,39189,0.0006273525721455458,0.0508147512864494,0.07425716605258227,0.0415072122460995,0.08159141930656023,0.10142554805734137,0.07629733902637999,0.07583054855194593
3345,2014,47077,159,177,11076,379,1810,336,13779,13938,0.04987452948557089,0.037950257289879934,0.027667520139886343,0.11156903149838092,0.022574208031928163,0.013416922892624686,0.026827800914703596,0.02696997080091409
3360,2014,56192,0,307,61842,213,13286,6294,81942,81942,0.0,0.06582332761578044,0.1544794854180978,0.0627023844568737,0.16570217011723623,0.251327716327916,0.15954159681781277,0.15855742196645878
3364,2014,56414,2,305,21939,69,3950,946,27208,27210,0.0006273525721455458,0.06539451114922813,0.05480297258477487,0.020312040035325288,0.04926415564978798,0.03777502695363974,0.052974149596288225,0.05265123443054043
3409,2014,77996,825,640,27209,310,6444,1011,35614,36439,0.25878293601003766,0.137221269296741,0.06796727658777243,0.09125699146305563,0.08036916936891993,0.04037056263227249,0.06934068522942549,0.07050931023206404
3410,2014,77997,282,199,14744,128,1915,193,17179,17461,0.08845671267252196,0.042667238421955404,0.03683007556360457,0.03768030615248749,0.02388376153654278,0.007706744399632632,0.03344762260785929,0.033786960837620963
3447,2014,99845,481,365,19085,514,2317,380,22661,23142,0.15087829360100377,0.0782590051457976,0.04767376506588397,0.15130997939358257,0.028897480668495883,0.015173900890468394,0.04412111158488266,0.0447796717086206
3448,2014,99846,310,218,16202,140,2104,213,18878,19188,0.0972396486825596,0.046740994854202404,0.040472116405420595,0.04121283485428319,0.02624095784484909,0.008505370762288864,0.03675558644805679,0.03712869850250679
